100 5000 5
1 1 1
1 2 2
1 3 3
1 4 4
1 5 5
1 6 6
1 7 7
1 8 8
1 9 9
1 10 10
1 11 11
1 12 12
1 13 13
1 14 14
1 15 15
1 16 16
1 17 17
1 18 18
1 19 19
1 20 20
1 21 21
1 22 22
1 23 23
1 24 24
1 25 25
1 26 26
1 27 27
1 28 28
1 29 29
1 30 30
1 31 31
1 32 32
1 33 33
1 34 34
1 35 35
1 36 36
1 37 37
1 38 38
1 39 39
1 40 40
1 41 41
1 42 42
1 43 43
1 44 44
1 45 45
1 46 46
1 47 47
1 48 48
1 49 49
1 50 50
1 51 51
1 52 52
1 53 53
1 54 54
1 55 55
1 56 56
1 57 57
1 58 58
1 59 59
1 60 60
1 61 61
1 62 62
1 63 63
1 64 64
1 65 65
1 66 66
1 67 67
1 68 68
1 69 69
1 70 70
1 71 71
1 72 72
1 73 73
1 74 74
1 75 75
1 76 76
1 77 77
1 78 78
1 79 79
1 80 80
1 81 81
1 82 82
1 83 83
1 84 84
1 85 85
1 86 86
1 87 87
1 88 88
1 89 89
1 90 90
1 91 91
1 92 92
1 93 93
1 94 94
1 95 95
1 96 96
1 97 97
1 98 98
1 99 99
1 100 100
2 1 2
2 2 4
2 3 6
2 4 8
2 5 10
2 6 12
2 7 14
2 8 16
2 9 18
2 10 20
2 11 22
2 12 24
2 13 26
2 14 28
2 15 30
2 16 32
2 17 34
2 18 36
2 19 38
2 20 40
2 21 42
2 22 44
2 23 46
2 24 48
2 25 50
2 26 52
2 27 54
2 28 56
2 29 58
2 30 60
2 31 62
2 32 64
2 33 66
2 34 68
2 35 70
2 36 72
2 37 74
2 38 76
2 39 78
2 40 80
2 41 82
2 42 84
2 43 86
2 44 88
2 45 90
2 46 92
2 47 94
2 48 96
2 49 98
2 50 100
2 51 102
2 52 104
2 53 106
2 54 108
2 55 110
2 56 112
2 57 114
2 58 116
2 59 118
2 60 120
2 61 122
2 62 124
2 63 126
2 64 128
2 65 130
2 66 132
2 67 134
2 68 136
2 69 138
2 70 140
2 71 142
2 72 144
2 73 146
2 74 148
2 75 150
2 76 152
2 77 154
2 78 156
2 79 158
2 80 160
2 81 162
2 82 164
2 83 166
2 84 168
2 85 170
2 86 172
2 87 174
2 88 176
2 89 178
2 90 180
2 91 182
2 92 184
2 93 186
2 94 188
2 95 190
2 96 192
2 97 194
2 98 196
2 99 198
2 100 200
3 1 3
3 2 6
3 3 9
3 4 12
3 5 15
3 6 18
3 7 21
3 8 24
3 9 27
3 10 30
3 11 33
3 12 36
3 13 39
3 14 42
3 15 45
3 16 48
3 17 51
3 18 54
3 19 57
3 20 60
3 21 63
3 22 66
3 23 69
3 24 72
3 25 75
3 26 78
3 27 81
3 28 84
3 29 87
3 30 90
3 31 93
3 32 96
3 33 99
3 34 102
3 35 105
3 36 108
3 37 111
3 38 114
3 39 117
3 40 120
3 41 123
3 42 126
3 43 129
3 44 132
3 45 135
3 46 138
3 47 141
3 48 144
3 49 147
3 50 150
3 51 153
3 52 156
3 53 159
3 54 162
3 55 165
3 56 168
3 57 171
3 58 174
3 59 177
3 60 180
3 61 183
3 62 186
3 63 189
3 64 192
3 65 195
3 66 198
3 67 201
3 68 204
3 69 207
3 70 210
3 71 213
3 72 216
3 73 219
3 74 222
3 75 225
3 76 228
3 77 231
3 78 234
3 79 237
3 80 240
3 81 243
3 82 246
3 83 249
3 84 252
3 85 255
3 86 258
3 87 261
3 88 264
3 89 267
3 90 270
3 91 273
3 92 276
3 93 279
3 94 282
3 95 285
3 96 288
3 97 291
3 98 294
3 99 297
3 100 300
4 1 4
4 2 8
4 3 12
4 4 16
4 5 20
4 6 24
4 7 28
4 8 32
4 9 36
4 10 40
4 11 44
4 12 48
4 13 52
4 14 56
4 15 60
4 16 64
4 17 68
4 18 72
4 19 76
4 20 80
4 21 84
4 22 88
4 23 92
4 24 96
4 25 100
4 26 104
4 27 108
4 28 112
4 29 116
4 30 120
4 31 124
4 32 128
4 33 132
4 34 136
4 35 140
4 36 144
4 37 148
4 38 152
4 39 156
4 40 160
4 41 164
4 42 168
4 43 172
4 44 176
4 45 180
4 46 184
4 47 188
4 48 192
4 49 196
4 50 200
4 51 204
4 52 208
4 53 212
4 54 216
4 55 220
4 56 224
4 57 228
4 58 232
4 59 236
4 60 240
4 61 244
4 62 248
4 63 252
4 64 256
4 65 260
4 66 264
4 67 268
4 68 272
4 69 276
4 70 280
4 71 284
4 72 288
4 73 292
4 74 296
4 75 300
4 76 304
4 77 308
4 78 312
4 79 316
4 80 320
4 81 324
4 82 328
4 83 332
4 84 336
4 85 340
4 86 344
4 87 348
4 88 352
4 89 356
4 90 360
4 91 364
4 92 368
4 93 372
4 94 376
4 95 380
4 96 384
4 97 388
4 98 392
4 99 396
4 100 400
5 1 5
5 2 10
5 3 15
5 4 20
5 5 25
5 6 30
5 7 35
5 8 40
5 9 45
5 10 50
5 11 55
5 12 60
5 13 65
5 14 70
5 15 75
5 16 80
5 17 85
5 18 90
5 19 95
5 20 100
5 21 105
5 22 110
5 23 115
5 24 120
5 25 125
5 26 130
5 27 135
5 28 140
5 29 145
5 30 150
5 31 155
5 32 160
5 33 165
5 34 170
5 35 175
5 36 180
5 37 185
5 38 190
5 39 195
5 40 200
5 41 205
5 42 210
5 43 215
5 44 220
5 45 225
5 46 230
5 47 235
5 48 240
5 49 245
5 50 250
5 51 255
5 52 260
5 53 265
5 54 270
5 55 275
5 56 280
5 57 285
5 58 290
5 59 295
5 60 300
5 61 305
5 62 310
5 63 315
5 64 320
5 65 325
5 66 330
5 67 335
5 68 340
5 69 345
5 70 350
5 71 355
5 72 360
5 73 365
5 74 370
5 75 375
5 76 380
5 77 385
5 78 390
5 79 395
5 80 400
5 81 405
5 82 410
5 83 415
5 84 420
5 85 425
5 86 430
5 87 435
5 88 440
5 89 445
5 90 450
5 91 455
5 92 460
5 93 465
5 94 470
5 95 475
5 96 480
5 97 485
5 98 490
5 99 495
5 100 500
6 1 6
6 2 12
6 3 18
6 4 24
6 5 30
6 6 36
6 7 42
6 8 48
6 9 54
6 10 60
6 11 66
6 12 72
6 13 78
6 14 84
6 15 90
6 16 96
6 17 102
6 18 108
6 19 114
6 20 120
6 21 126
6 22 132
6 23 138
6 24 144
6 25 150
6 26 156
6 27 162
6 28 168
6 29 174
6 30 180
6 31 186
6 32 192
6 33 198
6 34 204
6 35 210
6 36 216
6 37 222
6 38 228
6 39 234
6 40 240
6 41 246
6 42 252
6 43 258
6 44 264
6 45 270
6 46 276
6 47 282
6 48 288
6 49 294
6 50 300
6 51 306
6 52 312
6 53 318
6 54 324
6 55 330
6 56 336
6 57 342
6 58 348
6 59 354
6 60 360
6 61 366
6 62 372
6 63 378
6 64 384
6 65 390
6 66 396
6 67 402
6 68 408
6 69 414
6 70 420
6 71 426
6 72 432
6 73 438
6 74 444
6 75 450
6 76 456
6 77 462
6 78 468
6 79 474
6 80 480
6 81 486
6 82 492
6 83 498
6 84 504
6 85 510
6 86 516
6 87 522
6 88 528
6 89 534
6 90 540
6 91 546
6 92 552
6 93 558
6 94 564
6 95 570
6 96 576
6 97 582
6 98 588
6 99 594
6 100 600
7 1 7
7 2 14
7 3 21
7 4 28
7 5 35
7 6 42
7 7 49
7 8 56
7 9 63
7 10 70
7 11 77
7 12 84
7 13 91
7 14 98
7 15 105
7 16 112
7 17 119
7 18 126
7 19 133
7 20 140
7 21 147
7 22 154
7 23 161
7 24 168
7 25 175
7 26 182
7 27 189
7 28 196
7 29 203
7 30 210
7 31 217
7 32 224
7 33 231
7 34 238
7 35 245
7 36 252
7 37 259
7 38 266
7 39 273
7 40 280
7 41 287
7 42 294
7 43 301
7 44 308
7 45 315
7 46 322
7 47 329
7 48 336
7 49 343
7 50 350
7 51 357
7 52 364
7 53 371
7 54 378
7 55 385
7 56 392
7 57 399
7 58 406
7 59 413
7 60 420
7 61 427
7 62 434
7 63 441
7 64 448
7 65 455
7 66 462
7 67 469
7 68 476
7 69 483
7 70 490
7 71 497
7 72 504
7 73 511
7 74 518
7 75 525
7 76 532
7 77 539
7 78 546
7 79 553
7 80 560
7 81 567
7 82 574
7 83 581
7 84 588
7 85 595
7 86 602
7 87 609
7 88 616
7 89 623
7 90 630
7 91 637
7 92 644
7 93 651
7 94 658
7 95 665
7 96 672
7 97 679
7 98 686
7 99 693
7 100 700
8 1 8
8 2 16
8 3 24
8 4 32
8 5 40
8 6 48
8 7 56
8 8 64
8 9 72
8 10 80
8 11 88
8 12 96
8 13 104
8 14 112
8 15 120
8 16 128
8 17 136
8 18 144
8 19 152
8 20 160
8 21 168
8 22 176
8 23 184
8 24 192
8 25 200
8 26 208
8 27 216
8 28 224
8 29 232
8 30 240
8 31 248
8 32 256
8 33 264
8 34 272
8 35 280
8 36 288
8 37 296
8 38 304
8 39 312
8 40 320
8 41 328
8 42 336
8 43 344
8 44 352
8 45 360
8 46 368
8 47 376
8 48 384
8 49 392
8 50 400
8 51 408
8 52 416
8 53 424
8 54 432
8 55 440
8 56 448
8 57 456
8 58 464
8 59 472
8 60 480
8 61 488
8 62 496
8 63 504
8 64 512
8 65 520
8 66 528
8 67 536
8 68 544
8 69 552
8 70 560
8 71 568
8 72 576
8 73 584
8 74 592
8 75 600
8 76 608
8 77 616
8 78 624
8 79 632
8 80 640
8 81 648
8 82 656
8 83 664
8 84 672
8 85 680
8 86 688
8 87 696
8 88 704
8 89 712
8 90 720
8 91 728
8 92 736
8 93 744
8 94 752
8 95 760
8 96 768
8 97 776
8 98 784
8 99 792
8 100 800
9 1 9
9 2 18
9 3 27
9 4 36
9 5 45
9 6 54
9 7 63
9 8 72
9 9 81
9 10 90
9 11 99
9 12 108
9 13 117
9 14 126
9 15 135
9 16 144
9 17 153
9 18 162
9 19 171
9 20 180
9 21 189
9 22 198
9 23 207
9 24 216
9 25 225
9 26 234
9 27 243
9 28 252
9 29 261
9 30 270
9 31 279
9 32 288
9 33 297
9 34 306
9 35 315
9 36 324
9 37 333
9 38 342
9 39 351
9 40 360
9 41 369
9 42 378
9 43 387
9 44 396
9 45 405
9 46 414
9 47 423
9 48 432
9 49 441
9 50 450
9 51 459
9 52 468
9 53 477
9 54 486
9 55 495
9 56 504
9 57 513
9 58 522
9 59 531
9 60 540
9 61 549
9 62 558
9 63 567
9 64 576
9 65 585
9 66 594
9 67 603
9 68 612
9 69 621
9 70 630
9 71 639
9 72 648
9 73 657
9 74 666
9 75 675
9 76 684
9 77 693
9 78 702
9 79 711
9 80 720
9 81 729
9 82 738
9 83 747
9 84 756
9 85 765
9 86 774
9 87 783
9 88 792
9 89 801
9 90 810
9 91 819
9 92 828
9 93 837
9 94 846
9 95 855
9 96 864
9 97 873
9 98 882
9 99 891
9 100 900
10 1 10
10 2 20
10 3 30
10 4 40
10 5 50
10 6 60
10 7 70
10 8 80
10 9 90
10 10 100
10 11 110
10 12 120
10 13 130
10 14 140
10 15 150
10 16 160
10 17 170
10 18 180
10 19 190
10 20 200
10 21 210
10 22 220
10 23 230
10 24 240
10 25 250
10 26 260
10 27 270
10 28 280
10 29 290
10 30 300
10 31 310
10 32 320
10 33 330
10 34 340
10 35 350
10 36 360
10 37 370
10 38 380
10 39 390
10 40 400
10 41 410
10 42 420
10 43 430
10 44 440
10 45 450
10 46 460
10 47 470
10 48 480
10 49 490
10 50 500
10 51 510
10 52 520
10 53 530
10 54 540
10 55 550
10 56 560
10 57 570
10 58 580
10 59 590
10 60 600
10 61 610
10 62 620
10 63 630
10 64 640
10 65 650
10 66 660
10 67 670
10 68 680
10 69 690
10 70 700
10 71 710
10 72 720
10 73 730
10 74 740
10 75 750
10 76 760
10 77 770
10 78 780
10 79 790
10 80 800
10 81 810
10 82 820
10 83 830
10 84 840
10 85 850
10 86 860
10 87 870
10 88 880
10 89 890
10 90 900
10 91 910
10 92 920
10 93 930
10 94 940
10 95 950
10 96 960
10 97 970
10 98 980
10 99 990
10 100 1000
11 1 11
11 2 22
11 3 33
11 4 44
11 5 55
11 6 66
11 7 77
11 8 88
11 9 99
11 10 110
11 11 121
11 12 132
11 13 143
11 14 154
11 15 165
11 16 176
11 17 187
11 18 198
11 19 209
11 20 220
11 21 231
11 22 242
11 23 253
11 24 264
11 25 275
11 26 286
11 27 297
11 28 308
11 29 319
11 30 330
11 31 341
11 32 352
11 33 363
11 34 374
11 35 385
11 36 396
11 37 407
11 38 418
11 39 429
11 40 440
11 41 451
11 42 462
11 43 473
11 44 484
11 45 495
11 46 506
11 47 517
11 48 528
11 49 539
11 50 550
11 51 561
11 52 572
11 53 583
11 54 594
11 55 605
11 56 616
11 57 627
11 58 638
11 59 649
11 60 660
11 61 671
11 62 682
11 63 693
11 64 704
11 65 715
11 66 726
11 67 737
11 68 748
11 69 759
11 70 770
11 71 781
11 72 792
11 73 803
11 74 814
11 75 825
11 76 836
11 77 847
11 78 858
11 79 869
11 80 880
11 81 891
11 82 902
11 83 913
11 84 924
11 85 935
11 86 946
11 87 957
11 88 968
11 89 979
11 90 990
11 91 1001
11 92 1012
11 93 1023
11 94 1034
11 95 1045
11 96 1056
11 97 1067
11 98 1078
11 99 1089
11 100 1100
12 1 12
12 2 24
12 3 36
12 4 48
12 5 60
12 6 72
12 7 84
12 8 96
12 9 108
12 10 120
12 11 132
12 12 144
12 13 156
12 14 168
12 15 180
12 16 192
12 17 204
12 18 216
12 19 228
12 20 240
12 21 252
12 22 264
12 23 276
12 24 288
12 25 300
12 26 312
12 27 324
12 28 336
12 29 348
12 30 360
12 31 372
12 32 384
12 33 396
12 34 408
12 35 420
12 36 432
12 37 444
12 38 456
12 39 468
12 40 480
12 41 492
12 42 504
12 43 516
12 44 528
12 45 540
12 46 552
12 47 564
12 48 576
12 49 588
12 50 600
12 51 612
12 52 624
12 53 636
12 54 648
12 55 660
12 56 672
12 57 684
12 58 696
12 59 708
12 60 720
12 61 732
12 62 744
12 63 756
12 64 768
12 65 780
12 66 792
12 67 804
12 68 816
12 69 828
12 70 840
12 71 852
12 72 864
12 73 876
12 74 888
12 75 900
12 76 912
12 77 924
12 78 936
12 79 948
12 80 960
12 81 972
12 82 984
12 83 996
12 84 1008
12 85 1020
12 86 1032
12 87 1044
12 88 1056
12 89 1068
12 90 1080
12 91 1092
12 92 1104
12 93 1116
12 94 1128
12 95 1140
12 96 1152
12 97 1164
12 98 1176
12 99 1188
12 100 1200
13 1 13
13 2 26
13 3 39
13 4 52
13 5 65
13 6 78
13 7 91
13 8 104
13 9 117
13 10 130
13 11 143
13 12 156
13 13 169
13 14 182
13 15 195
13 16 208
13 17 221
13 18 234
13 19 247
13 20 260
13 21 273
13 22 286
13 23 299
13 24 312
13 25 325
13 26 338
13 27 351
13 28 364
13 29 377
13 30 390
13 31 403
13 32 416
13 33 429
13 34 442
13 35 455
13 36 468
13 37 481
13 38 494
13 39 507
13 40 520
13 41 533
13 42 546
13 43 559
13 44 572
13 45 585
13 46 598
13 47 611
13 48 624
13 49 637
13 50 650
13 51 663
13 52 676
13 53 689
13 54 702
13 55 715
13 56 728
13 57 741
13 58 754
13 59 767
13 60 780
13 61 793
13 62 806
13 63 819
13 64 832
13 65 845
13 66 858
13 67 871
13 68 884
13 69 897
13 70 910
13 71 923
13 72 936
13 73 949
13 74 962
13 75 975
13 76 988
13 77 1001
13 78 1014
13 79 1027
13 80 1040
13 81 1053
13 82 1066
13 83 1079
13 84 1092
13 85 1105
13 86 1118
13 87 1131
13 88 1144
13 89 1157
13 90 1170
13 91 1183
13 92 1196
13 93 1209
13 94 1222
13 95 1235
13 96 1248
13 97 1261
13 98 1274
13 99 1287
13 100 1300
14 1 14
14 2 28
14 3 42
14 4 56
14 5 70
14 6 84
14 7 98
14 8 112
14 9 126
14 10 140
14 11 154
14 12 168
14 13 182
14 14 196
14 15 210
14 16 224
14 17 238
14 18 252
14 19 266
14 20 280
14 21 294
14 22 308
14 23 322
14 24 336
14 25 350
14 26 364
14 27 378
14 28 392
14 29 406
14 30 420
14 31 434
14 32 448
14 33 462
14 34 476
14 35 490
14 36 504
14 37 518
14 38 532
14 39 546
14 40 560
14 41 574
14 42 588
14 43 602
14 44 616
14 45 630
14 46 644
14 47 658
14 48 672
14 49 686
14 50 700
14 51 714
14 52 728
14 53 742
14 54 756
14 55 770
14 56 784
14 57 798
14 58 812
14 59 826
14 60 840
14 61 854
14 62 868
14 63 882
14 64 896
14 65 910
14 66 924
14 67 938
14 68 952
14 69 966
14 70 980
14 71 994
14 72 1008
14 73 1022
14 74 1036
14 75 1050
14 76 1064
14 77 1078
14 78 1092
14 79 1106
14 80 1120
14 81 1134
14 82 1148
14 83 1162
14 84 1176
14 85 1190
14 86 1204
14 87 1218
14 88 1232
14 89 1246
14 90 1260
14 91 1274
14 92 1288
14 93 1302
14 94 1316
14 95 1330
14 96 1344
14 97 1358
14 98 1372
14 99 1386
14 100 1400
15 1 15
15 2 30
15 3 45
15 4 60
15 5 75
15 6 90
15 7 105
15 8 120
15 9 135
15 10 150
15 11 165
15 12 180
15 13 195
15 14 210
15 15 225
15 16 240
15 17 255
15 18 270
15 19 285
15 20 300
15 21 315
15 22 330
15 23 345
15 24 360
15 25 375
15 26 390
15 27 405
15 28 420
15 29 435
15 30 450
15 31 465
15 32 480
15 33 495
15 34 510
15 35 525
15 36 540
15 37 555
15 38 570
15 39 585
15 40 600
15 41 615
15 42 630
15 43 645
15 44 660
15 45 675
15 46 690
15 47 705
15 48 720
15 49 735
15 50 750
15 51 765
15 52 780
15 53 795
15 54 810
15 55 825
15 56 840
15 57 855
15 58 870
15 59 885
15 60 900
15 61 915
15 62 930
15 63 945
15 64 960
15 65 975
15 66 990
15 67 1005
15 68 1020
15 69 1035
15 70 1050
15 71 1065
15 72 1080
15 73 1095
15 74 1110
15 75 1125
15 76 1140
15 77 1155
15 78 1170
15 79 1185
15 80 1200
15 81 1215
15 82 1230
15 83 1245
15 84 1260
15 85 1275
15 86 1290
15 87 1305
15 88 1320
15 89 1335
15 90 1350
15 91 1365
15 92 1380
15 93 1395
15 94 1410
15 95 1425
15 96 1440
15 97 1455
15 98 1470
15 99 1485
15 100 1500
16 1 16
16 2 32
16 3 48
16 4 64
16 5 80
16 6 96
16 7 112
16 8 128
16 9 144
16 10 160
16 11 176
16 12 192
16 13 208
16 14 224
16 15 240
16 16 256
16 17 272
16 18 288
16 19 304
16 20 320
16 21 336
16 22 352
16 23 368
16 24 384
16 25 400
16 26 416
16 27 432
16 28 448
16 29 464
16 30 480
16 31 496
16 32 512
16 33 528
16 34 544
16 35 560
16 36 576
16 37 592
16 38 608
16 39 624
16 40 640
16 41 656
16 42 672
16 43 688
16 44 704
16 45 720
16 46 736
16 47 752
16 48 768
16 49 784
16 50 800
16 51 816
16 52 832
16 53 848
16 54 864
16 55 880
16 56 896
16 57 912
16 58 928
16 59 944
16 60 960
16 61 976
16 62 992
16 63 1008
16 64 1024
16 65 1040
16 66 1056
16 67 1072
16 68 1088
16 69 1104
16 70 1120
16 71 1136
16 72 1152
16 73 1168
16 74 1184
16 75 1200
16 76 1216
16 77 1232
16 78 1248
16 79 1264
16 80 1280
16 81 1296
16 82 1312
16 83 1328
16 84 1344
16 85 1360
16 86 1376
16 87 1392
16 88 1408
16 89 1424
16 90 1440
16 91 1456
16 92 1472
16 93 1488
16 94 1504
16 95 1520
16 96 1536
16 97 1552
16 98 1568
16 99 1584
16 100 1600
17 1 17
17 2 34
17 3 51
17 4 68
17 5 85
17 6 102
17 7 119
17 8 136
17 9 153
17 10 170
17 11 187
17 12 204
17 13 221
17 14 238
17 15 255
17 16 272
17 17 289
17 18 306
17 19 323
17 20 340
17 21 357
17 22 374
17 23 391
17 24 408
17 25 425
17 26 442
17 27 459
17 28 476
17 29 493
17 30 510
17 31 527
17 32 544
17 33 561
17 34 578
17 35 595
17 36 612
17 37 629
17 38 646
17 39 663
17 40 680
17 41 697
17 42 714
17 43 731
17 44 748
17 45 765
17 46 782
17 47 799
17 48 816
17 49 833
17 50 850
17 51 867
17 52 884
17 53 901
17 54 918
17 55 935
17 56 952
17 57 969
17 58 986
17 59 1003
17 60 1020
17 61 1037
17 62 1054
17 63 1071
17 64 1088
17 65 1105
17 66 1122
17 67 1139
17 68 1156
17 69 1173
17 70 1190
17 71 1207
17 72 1224
17 73 1241
17 74 1258
17 75 1275
17 76 1292
17 77 1309
17 78 1326
17 79 1343
17 80 1360
17 81 1377
17 82 1394
17 83 1411
17 84 1428
17 85 1445
17 86 1462
17 87 1479
17 88 1496
17 89 1513
17 90 1530
17 91 1547
17 92 1564
17 93 1581
17 94 1598
17 95 1615
17 96 1632
17 97 1649
17 98 1666
17 99 1683
17 100 1700
18 1 18
18 2 36
18 3 54
18 4 72
18 5 90
18 6 108
18 7 126
18 8 144
18 9 162
18 10 180
18 11 198
18 12 216
18 13 234
18 14 252
18 15 270
18 16 288
18 17 306
18 18 324
18 19 342
18 20 360
18 21 378
18 22 396
18 23 414
18 24 432
18 25 450
18 26 468
18 27 486
18 28 504
18 29 522
18 30 540
18 31 558
18 32 576
18 33 594
18 34 612
18 35 630
18 36 648
18 37 666
18 38 684
18 39 702
18 40 720
18 41 738
18 42 756
18 43 774
18 44 792
18 45 810
18 46 828
18 47 846
18 48 864
18 49 882
18 50 900
18 51 918
18 52 936
18 53 954
18 54 972
18 55 990
18 56 1008
18 57 1026
18 58 1044
18 59 1062
18 60 1080
18 61 1098
18 62 1116
18 63 1134
18 64 1152
18 65 1170
18 66 1188
18 67 1206
18 68 1224
18 69 1242
18 70 1260
18 71 1278
18 72 1296
18 73 1314
18 74 1332
18 75 1350
18 76 1368
18 77 1386
18 78 1404
18 79 1422
18 80 1440
18 81 1458
18 82 1476
18 83 1494
18 84 1512
18 85 1530
18 86 1548
18 87 1566
18 88 1584
18 89 1602
18 90 1620
18 91 1638
18 92 1656
18 93 1674
18 94 1692
18 95 1710
18 96 1728
18 97 1746
18 98 1764
18 99 1782
18 100 1800
19 1 19
19 2 38
19 3 57
19 4 76
19 5 95
19 6 114
19 7 133
19 8 152
19 9 171
19 10 190
19 11 209
19 12 228
19 13 247
19 14 266
19 15 285
19 16 304
19 17 323
19 18 342
19 19 361
19 20 380
19 21 399
19 22 418
19 23 437
19 24 456
19 25 475
19 26 494
19 27 513
19 28 532
19 29 551
19 30 570
19 31 589
19 32 608
19 33 627
19 34 646
19 35 665
19 36 684
19 37 703
19 38 722
19 39 741
19 40 760
19 41 779
19 42 798
19 43 817
19 44 836
19 45 855
19 46 874
19 47 893
19 48 912
19 49 931
19 50 950
19 51 969
19 52 988
19 53 1007
19 54 1026
19 55 1045
19 56 1064
19 57 1083
19 58 1102
19 59 1121
19 60 1140
19 61 1159
19 62 1178
19 63 1197
19 64 1216
19 65 1235
19 66 1254
19 67 1273
19 68 1292
19 69 1311
19 70 1330
19 71 1349
19 72 1368
19 73 1387
19 74 1406
19 75 1425
19 76 1444
19 77 1463
19 78 1482
19 79 1501
19 80 1520
19 81 1539
19 82 1558
19 83 1577
19 84 1596
19 85 1615
19 86 1634
19 87 1653
19 88 1672
19 89 1691
19 90 1710
19 91 1729
19 92 1748
19 93 1767
19 94 1786
19 95 1805
19 96 1824
19 97 1843
19 98 1862
19 99 1881
19 100 1900
20 1 20
20 2 40
20 3 60
20 4 80
20 5 100
20 6 120
20 7 140
20 8 160
20 9 180
20 10 200
20 11 220
20 12 240
20 13 260
20 14 280
20 15 300
20 16 320
20 17 340
20 18 360
20 19 380
20 20 400
20 21 420
20 22 440
20 23 460
20 24 480
20 25 500
20 26 520
20 27 540
20 28 560
20 29 580
20 30 600
20 31 620
20 32 640
20 33 660
20 34 680
20 35 700
20 36 720
20 37 740
20 38 760
20 39 780
20 40 800
20 41 820
20 42 840
20 43 860
20 44 880
20 45 900
20 46 920
20 47 940
20 48 960
20 49 980
20 50 1000
20 51 1020
20 52 1040
20 53 1060
20 54 1080
20 55 1100
20 56 1120
20 57 1140
20 58 1160
20 59 1180
20 60 1200
20 61 1220
20 62 1240
20 63 1260
20 64 1280
20 65 1300
20 66 1320
20 67 1340
20 68 1360
20 69 1380
20 70 1400
20 71 1420
20 72 1440
20 73 1460
20 74 1480
20 75 1500
20 76 1520
20 77 1540
20 78 1560
20 79 1580
20 80 1600
20 81 1620
20 82 1640
20 83 1660
20 84 1680
20 85 1700
20 86 1720
20 87 1740
20 88 1760
20 89 1780
20 90 1800
20 91 1820
20 92 1840
20 93 1860
20 94 1880
20 95 1900
20 96 1920
20 97 1940
20 98 1960
20 99 1980
20 100 2000
21 1 21
21 2 42
21 3 63
21 4 84
21 5 105
21 6 126
21 7 147
21 8 168
21 9 189
21 10 210
21 11 231
21 12 252
21 13 273
21 14 294
21 15 315
21 16 336
21 17 357
21 18 378
21 19 399
21 20 420
21 21 441
21 22 462
21 23 483
21 24 504
21 25 525
21 26 546
21 27 567
21 28 588
21 29 609
21 30 630
21 31 651
21 32 672
21 33 693
21 34 714
21 35 735
21 36 756
21 37 777
21 38 798
21 39 819
21 40 840
21 41 861
21 42 882
21 43 903
21 44 924
21 45 945
21 46 966
21 47 987
21 48 1008
21 49 1029
21 50 1050
21 51 1071
21 52 1092
21 53 1113
21 54 1134
21 55 1155
21 56 1176
21 57 1197
21 58 1218
21 59 1239
21 60 1260
21 61 1281
21 62 1302
21 63 1323
21 64 1344
21 65 1365
21 66 1386
21 67 1407
21 68 1428
21 69 1449
21 70 1470
21 71 1491
21 72 1512
21 73 1533
21 74 1554
21 75 1575
21 76 1596
21 77 1617
21 78 1638
21 79 1659
21 80 1680
21 81 1701
21 82 1722
21 83 1743
21 84 1764
21 85 1785
21 86 1806
21 87 1827
21 88 1848
21 89 1869
21 90 1890
21 91 1911
21 92 1932
21 93 1953
21 94 1974
21 95 1995
21 96 2016
21 97 2037
21 98 2058
21 99 2079
21 100 2100
22 1 22
22 2 44
22 3 66
22 4 88
22 5 110
22 6 132
22 7 154
22 8 176
22 9 198
22 10 220
22 11 242
22 12 264
22 13 286
22 14 308
22 15 330
22 16 352
22 17 374
22 18 396
22 19 418
22 20 440
22 21 462
22 22 484
22 23 506
22 24 528
22 25 550
22 26 572
22 27 594
22 28 616
22 29 638
22 30 660
22 31 682
22 32 704
22 33 726
22 34 748
22 35 770
22 36 792
22 37 814
22 38 836
22 39 858
22 40 880
22 41 902
22 42 924
22 43 946
22 44 968
22 45 990
22 46 1012
22 47 1034
22 48 1056
22 49 1078
22 50 1100
22 51 1122
22 52 1144
22 53 1166
22 54 1188
22 55 1210
22 56 1232
22 57 1254
22 58 1276
22 59 1298
22 60 1320
22 61 1342
22 62 1364
22 63 1386
22 64 1408
22 65 1430
22 66 1452
22 67 1474
22 68 1496
22 69 1518
22 70 1540
22 71 1562
22 72 1584
22 73 1606
22 74 1628
22 75 1650
22 76 1672
22 77 1694
22 78 1716
22 79 1738
22 80 1760
22 81 1782
22 82 1804
22 83 1826
22 84 1848
22 85 1870
22 86 1892
22 87 1914
22 88 1936
22 89 1958
22 90 1980
22 91 2002
22 92 2024
22 93 2046
22 94 2068
22 95 2090
22 96 2112
22 97 2134
22 98 2156
22 99 2178
22 100 2200
23 1 23
23 2 46
23 3 69
23 4 92
23 5 115
23 6 138
23 7 161
23 8 184
23 9 207
23 10 230
23 11 253
23 12 276
23 13 299
23 14 322
23 15 345
23 16 368
23 17 391
23 18 414
23 19 437
23 20 460
23 21 483
23 22 506
23 23 529
23 24 552
23 25 575
23 26 598
23 27 621
23 28 644
23 29 667
23 30 690
23 31 713
23 32 736
23 33 759
23 34 782
23 35 805
23 36 828
23 37 851
23 38 874
23 39 897
23 40 920
23 41 943
23 42 966
23 43 989
23 44 1012
23 45 1035
23 46 1058
23 47 1081
23 48 1104
23 49 1127
23 50 1150
23 51 1173
23 52 1196
23 53 1219
23 54 1242
23 55 1265
23 56 1288
23 57 1311
23 58 1334
23 59 1357
23 60 1380
23 61 1403
23 62 1426
23 63 1449
23 64 1472
23 65 1495
23 66 1518
23 67 1541
23 68 1564
23 69 1587
23 70 1610
23 71 1633
23 72 1656
23 73 1679
23 74 1702
23 75 1725
23 76 1748
23 77 1771
23 78 1794
23 79 1817
23 80 1840
23 81 1863
23 82 1886
23 83 1909
23 84 1932
23 85 1955
23 86 1978
23 87 2001
23 88 2024
23 89 2047
23 90 2070
23 91 2093
23 92 2116
23 93 2139
23 94 2162
23 95 2185
23 96 2208
23 97 2231
23 98 2254
23 99 2277
23 100 2300
24 1 24
24 2 48
24 3 72
24 4 96
24 5 120
24 6 144
24 7 168
24 8 192
24 9 216
24 10 240
24 11 264
24 12 288
24 13 312
24 14 336
24 15 360
24 16 384
24 17 408
24 18 432
24 19 456
24 20 480
24 21 504
24 22 528
24 23 552
24 24 576
24 25 600
24 26 624
24 27 648
24 28 672
24 29 696
24 30 720
24 31 744
24 32 768
24 33 792
24 34 816
24 35 840
24 36 864
24 37 888
24 38 912
24 39 936
24 40 960
24 41 984
24 42 1008
24 43 1032
24 44 1056
24 45 1080
24 46 1104
24 47 1128
24 48 1152
24 49 1176
24 50 1200
24 51 1224
24 52 1248
24 53 1272
24 54 1296
24 55 1320
24 56 1344
24 57 1368
24 58 1392
24 59 1416
24 60 1440
24 61 1464
24 62 1488
24 63 1512
24 64 1536
24 65 1560
24 66 1584
24 67 1608
24 68 1632
24 69 1656
24 70 1680
24 71 1704
24 72 1728
24 73 1752
24 74 1776
24 75 1800
24 76 1824
24 77 1848
24 78 1872
24 79 1896
24 80 1920
24 81 1944
24 82 1968
24 83 1992
24 84 2016
24 85 2040
24 86 2064
24 87 2088
24 88 2112
24 89 2136
24 90 2160
24 91 2184
24 92 2208
24 93 2232
24 94 2256
24 95 2280
24 96 2304
24 97 2328
24 98 2352
24 99 2376
24 100 2400
25 1 25
25 2 50
25 3 75
25 4 100
25 5 125
25 6 150
25 7 175
25 8 200
25 9 225
25 10 250
25 11 275
25 12 300
25 13 325
25 14 350
25 15 375
25 16 400
25 17 425
25 18 450
25 19 475
25 20 500
25 21 525
25 22 550
25 23 575
25 24 600
25 25 625
25 26 650
25 27 675
25 28 700
25 29 725
25 30 750
25 31 775
25 32 800
25 33 825
25 34 850
25 35 875
25 36 900
25 37 925
25 38 950
25 39 975
25 40 1000
25 41 1025
25 42 1050
25 43 1075
25 44 1100
25 45 1125
25 46 1150
25 47 1175
25 48 1200
25 49 1225
25 50 1250
25 51 1275
25 52 1300
25 53 1325
25 54 1350
25 55 1375
25 56 1400
25 57 1425
25 58 1450
25 59 1475
25 60 1500
25 61 1525
25 62 1550
25 63 1575
25 64 1600
25 65 1625
25 66 1650
25 67 1675
25 68 1700
25 69 1725
25 70 1750
25 71 1775
25 72 1800
25 73 1825
25 74 1850
25 75 1875
25 76 1900
25 77 1925
25 78 1950
25 79 1975
25 80 2000
25 81 2025
25 82 2050
25 83 2075
25 84 2100
25 85 2125
25 86 2150
25 87 2175
25 88 2200
25 89 2225
25 90 2250
25 91 2275
25 92 2300
25 93 2325
25 94 2350
25 95 2375
25 96 2400
25 97 2425
25 98 2450
25 99 2475
25 100 2500
26 1 26
26 2 52
26 3 78
26 4 104
26 5 130
26 6 156
26 7 182
26 8 208
26 9 234
26 10 260
26 11 286
26 12 312
26 13 338
26 14 364
26 15 390
26 16 416
26 17 442
26 18 468
26 19 494
26 20 520
26 21 546
26 22 572
26 23 598
26 24 624
26 25 650
26 26 676
26 27 702
26 28 728
26 29 754
26 30 780
26 31 806
26 32 832
26 33 858
26 34 884
26 35 910
26 36 936
26 37 962
26 38 988
26 39 1014
26 40 1040
26 41 1066
26 42 1092
26 43 1118
26 44 1144
26 45 1170
26 46 1196
26 47 1222
26 48 1248
26 49 1274
26 50 1300
26 51 1326
26 52 1352
26 53 1378
26 54 1404
26 55 1430
26 56 1456
26 57 1482
26 58 1508
26 59 1534
26 60 1560
26 61 1586
26 62 1612
26 63 1638
26 64 1664
26 65 1690
26 66 1716
26 67 1742
26 68 1768
26 69 1794
26 70 1820
26 71 1846
26 72 1872
26 73 1898
26 74 1924
26 75 1950
26 76 1976
26 77 2002
26 78 2028
26 79 2054
26 80 2080
26 81 2106
26 82 2132
26 83 2158
26 84 2184
26 85 2210
26 86 2236
26 87 2262
26 88 2288
26 89 2314
26 90 2340
26 91 2366
26 92 2392
26 93 2418
26 94 2444
26 95 2470
26 96 2496
26 97 2522
26 98 2548
26 99 2574
26 100 2600
27 1 27
27 2 54
27 3 81
27 4 108
27 5 135
27 6 162
27 7 189
27 8 216
27 9 243
27 10 270
27 11 297
27 12 324
27 13 351
27 14 378
27 15 405
27 16 432
27 17 459
27 18 486
27 19 513
27 20 540
27 21 567
27 22 594
27 23 621
27 24 648
27 25 675
27 26 702
27 27 729
27 28 756
27 29 783
27 30 810
27 31 837
27 32 864
27 33 891
27 34 918
27 35 945
27 36 972
27 37 999
27 38 1026
27 39 1053
27 40 1080
27 41 1107
27 42 1134
27 43 1161
27 44 1188
27 45 1215
27 46 1242
27 47 1269
27 48 1296
27 49 1323
27 50 1350
27 51 1377
27 52 1404
27 53 1431
27 54 1458
27 55 1485
27 56 1512
27 57 1539
27 58 1566
27 59 1593
27 60 1620
27 61 1647
27 62 1674
27 63 1701
27 64 1728
27 65 1755
27 66 1782
27 67 1809
27 68 1836
27 69 1863
27 70 1890
27 71 1917
27 72 1944
27 73 1971
27 74 1998
27 75 2025
27 76 2052
27 77 2079
27 78 2106
27 79 2133
27 80 2160
27 81 2187
27 82 2214
27 83 2241
27 84 2268
27 85 2295
27 86 2322
27 87 2349
27 88 2376
27 89 2403
27 90 2430
27 91 2457
27 92 2484
27 93 2511
27 94 2538
27 95 2565
27 96 2592
27 97 2619
27 98 2646
27 99 2673
27 100 2700
28 1 28
28 2 56
28 3 84
28 4 112
28 5 140
28 6 168
28 7 196
28 8 224
28 9 252
28 10 280
28 11 308
28 12 336
28 13 364
28 14 392
28 15 420
28 16 448
28 17 476
28 18 504
28 19 532
28 20 560
28 21 588
28 22 616
28 23 644
28 24 672
28 25 700
28 26 728
28 27 756
28 28 784
28 29 812
28 30 840
28 31 868
28 32 896
28 33 924
28 34 952
28 35 980
28 36 1008
28 37 1036
28 38 1064
28 39 1092
28 40 1120
28 41 1148
28 42 1176
28 43 1204
28 44 1232
28 45 1260
28 46 1288
28 47 1316
28 48 1344
28 49 1372
28 50 1400
28 51 1428
28 52 1456
28 53 1484
28 54 1512
28 55 1540
28 56 1568
28 57 1596
28 58 1624
28 59 1652
28 60 1680
28 61 1708
28 62 1736
28 63 1764
28 64 1792
28 65 1820
28 66 1848
28 67 1876
28 68 1904
28 69 1932
28 70 1960
28 71 1988
28 72 2016
28 73 2044
28 74 2072
28 75 2100
28 76 2128
28 77 2156
28 78 2184
28 79 2212
28 80 2240
28 81 2268
28 82 2296
28 83 2324
28 84 2352
28 85 2380
28 86 2408
28 87 2436
28 88 2464
28 89 2492
28 90 2520
28 91 2548
28 92 2576
28 93 2604
28 94 2632
28 95 2660
28 96 2688
28 97 2716
28 98 2744
28 99 2772
28 100 2800
29 1 29
29 2 58
29 3 87
29 4 116
29 5 145
29 6 174
29 7 203
29 8 232
29 9 261
29 10 290
29 11 319
29 12 348
29 13 377
29 14 406
29 15 435
29 16 464
29 17 493
29 18 522
29 19 551
29 20 580
29 21 609
29 22 638
29 23 667
29 24 696
29 25 725
29 26 754
29 27 783
29 28 812
29 29 841
29 30 870
29 31 899
29 32 928
29 33 957
29 34 986
29 35 1015
29 36 1044
29 37 1073
29 38 1102
29 39 1131
29 40 1160
29 41 1189
29 42 1218
29 43 1247
29 44 1276
29 45 1305
29 46 1334
29 47 1363
29 48 1392
29 49 1421
29 50 1450
29 51 1479
29 52 1508
29 53 1537
29 54 1566
29 55 1595
29 56 1624
29 57 1653
29 58 1682
29 59 1711
29 60 1740
29 61 1769
29 62 1798
29 63 1827
29 64 1856
29 65 1885
29 66 1914
29 67 1943
29 68 1972
29 69 2001
29 70 2030
29 71 2059
29 72 2088
29 73 2117
29 74 2146
29 75 2175
29 76 2204
29 77 2233
29 78 2262
29 79 2291
29 80 2320
29 81 2349
29 82 2378
29 83 2407
29 84 2436
29 85 2465
29 86 2494
29 87 2523
29 88 2552
29 89 2581
29 90 2610
29 91 2639
29 92 2668
29 93 2697
29 94 2726
29 95 2755
29 96 2784
29 97 2813
29 98 2842
29 99 2871
29 100 2900
30 1 30
30 2 60
30 3 90
30 4 120
30 5 150
30 6 180
30 7 210
30 8 240
30 9 270
30 10 300
30 11 330
30 12 360
30 13 390
30 14 420
30 15 450
30 16 480
30 17 510
30 18 540
30 19 570
30 20 600
30 21 630
30 22 660
30 23 690
30 24 720
30 25 750
30 26 780
30 27 810
30 28 840
30 29 870
30 30 900
30 31 930
30 32 960
30 33 990
30 34 1020
30 35 1050
30 36 1080
30 37 1110
30 38 1140
30 39 1170
30 40 1200
30 41 1230
30 42 1260
30 43 1290
30 44 1320
30 45 1350
30 46 1380
30 47 1410
30 48 1440
30 49 1470
30 50 1500
30 51 1530
30 52 1560
30 53 1590
30 54 1620
30 55 1650
30 56 1680
30 57 1710
30 58 1740
30 59 1770
30 60 1800
30 61 1830
30 62 1860
30 63 1890
30 64 1920
30 65 1950
30 66 1980
30 67 2010
30 68 2040
30 69 2070
30 70 2100
30 71 2130
30 72 2160
30 73 2190
30 74 2220
30 75 2250
30 76 2280
30 77 2310
30 78 2340
30 79 2370
30 80 2400
30 81 2430
30 82 2460
30 83 2490
30 84 2520
30 85 2550
30 86 2580
30 87 2610
30 88 2640
30 89 2670
30 90 2700
30 91 2730
30 92 2760
30 93 2790
30 94 2820
30 95 2850
30 96 2880
30 97 2910
30 98 2940
30 99 2970
30 100 3000
31 1 31
31 2 62
31 3 93
31 4 124
31 5 155
31 6 186
31 7 217
31 8 248
31 9 279
31 10 310
31 11 341
31 12 372
31 13 403
31 14 434
31 15 465
31 16 496
31 17 527
31 18 558
31 19 589
31 20 620
31 21 651
31 22 682
31 23 713
31 24 744
31 25 775
31 26 806
31 27 837
31 28 868
31 29 899
31 30 930
31 31 961
31 32 992
31 33 1023
31 34 1054
31 35 1085
31 36 1116
31 37 1147
31 38 1178
31 39 1209
31 40 1240
31 41 1271
31 42 1302
31 43 1333
31 44 1364
31 45 1395
31 46 1426
31 47 1457
31 48 1488
31 49 1519
31 50 1550
31 51 1581
31 52 1612
31 53 1643
31 54 1674
31 55 1705
31 56 1736
31 57 1767
31 58 1798
31 59 1829
31 60 1860
31 61 1891
31 62 1922
31 63 1953
31 64 1984
31 65 2015
31 66 2046
31 67 2077
31 68 2108
31 69 2139
31 70 2170
31 71 2201
31 72 2232
31 73 2263
31 74 2294
31 75 2325
31 76 2356
31 77 2387
31 78 2418
31 79 2449
31 80 2480
31 81 2511
31 82 2542
31 83 2573
31 84 2604
31 85 2635
31 86 2666
31 87 2697
31 88 2728
31 89 2759
31 90 2790
31 91 2821
31 92 2852
31 93 2883
31 94 2914
31 95 2945
31 96 2976
31 97 3007
31 98 3038
31 99 3069
31 100 3100
32 1 32
32 2 64
32 3 96
32 4 128
32 5 160
32 6 192
32 7 224
32 8 256
32 9 288
32 10 320
32 11 352
32 12 384
32 13 416
32 14 448
32 15 480
32 16 512
32 17 544
32 18 576
32 19 608
32 20 640
32 21 672
32 22 704
32 23 736
32 24 768
32 25 800
32 26 832
32 27 864
32 28 896
32 29 928
32 30 960
32 31 992
32 32 1024
32 33 1056
32 34 1088
32 35 1120
32 36 1152
32 37 1184
32 38 1216
32 39 1248
32 40 1280
32 41 1312
32 42 1344
32 43 1376
32 44 1408
32 45 1440
32 46 1472
32 47 1504
32 48 1536
32 49 1568
32 50 1600
32 51 1632
32 52 1664
32 53 1696
32 54 1728
32 55 1760
32 56 1792
32 57 1824
32 58 1856
32 59 1888
32 60 1920
32 61 1952
32 62 1984
32 63 2016
32 64 2048
32 65 2080
32 66 2112
32 67 2144
32 68 2176
32 69 2208
32 70 2240
32 71 2272
32 72 2304
32 73 2336
32 74 2368
32 75 2400
32 76 2432
32 77 2464
32 78 2496
32 79 2528
32 80 2560
32 81 2592
32 82 2624
32 83 2656
32 84 2688
32 85 2720
32 86 2752
32 87 2784
32 88 2816
32 89 2848
32 90 2880
32 91 2912
32 92 2944
32 93 2976
32 94 3008
32 95 3040
32 96 3072
32 97 3104
32 98 3136
32 99 3168
32 100 3200
33 1 33
33 2 66
33 3 99
33 4 132
33 5 165
33 6 198
33 7 231
33 8 264
33 9 297
33 10 330
33 11 363
33 12 396
33 13 429
33 14 462
33 15 495
33 16 528
33 17 561
33 18 594
33 19 627
33 20 660
33 21 693
33 22 726
33 23 759
33 24 792
33 25 825
33 26 858
33 27 891
33 28 924
33 29 957
33 30 990
33 31 1023
33 32 1056
33 33 1089
33 34 1122
33 35 1155
33 36 1188
33 37 1221
33 38 1254
33 39 1287
33 40 1320
33 41 1353
33 42 1386
33 43 1419
33 44 1452
33 45 1485
33 46 1518
33 47 1551
33 48 1584
33 49 1617
33 50 1650
33 51 1683
33 52 1716
33 53 1749
33 54 1782
33 55 1815
33 56 1848
33 57 1881
33 58 1914
33 59 1947
33 60 1980
33 61 2013
33 62 2046
33 63 2079
33 64 2112
33 65 2145
33 66 2178
33 67 2211
33 68 2244
33 69 2277
33 70 2310
33 71 2343
33 72 2376
33 73 2409
33 74 2442
33 75 2475
33 76 2508
33 77 2541
33 78 2574
33 79 2607
33 80 2640
33 81 2673
33 82 2706
33 83 2739
33 84 2772
33 85 2805
33 86 2838
33 87 2871
33 88 2904
33 89 2937
33 90 2970
33 91 3003
33 92 3036
33 93 3069
33 94 3102
33 95 3135
33 96 3168
33 97 3201
33 98 3234
33 99 3267
33 100 3300
34 1 34
34 2 68
34 3 102
34 4 136
34 5 170
34 6 204
34 7 238
34 8 272
34 9 306
34 10 340
34 11 374
34 12 408
34 13 442
34 14 476
34 15 510
34 16 544
34 17 578
34 18 612
34 19 646
34 20 680
34 21 714
34 22 748
34 23 782
34 24 816
34 25 850
34 26 884
34 27 918
34 28 952
34 29 986
34 30 1020
34 31 1054
34 32 1088
34 33 1122
34 34 1156
34 35 1190
34 36 1224
34 37 1258
34 38 1292
34 39 1326
34 40 1360
34 41 1394
34 42 1428
34 43 1462
34 44 1496
34 45 1530
34 46 1564
34 47 1598
34 48 1632
34 49 1666
34 50 1700
34 51 1734
34 52 1768
34 53 1802
34 54 1836
34 55 1870
34 56 1904
34 57 1938
34 58 1972
34 59 2006
34 60 2040
34 61 2074
34 62 2108
34 63 2142
34 64 2176
34 65 2210
34 66 2244
34 67 2278
34 68 2312
34 69 2346
34 70 2380
34 71 2414
34 72 2448
34 73 2482
34 74 2516
34 75 2550
34 76 2584
34 77 2618
34 78 2652
34 79 2686
34 80 2720
34 81 2754
34 82 2788
34 83 2822
34 84 2856
34 85 2890
34 86 2924
34 87 2958
34 88 2992
34 89 3026
34 90 3060
34 91 3094
34 92 3128
34 93 3162
34 94 3196
34 95 3230
34 96 3264
34 97 3298
34 98 3332
34 99 3366
34 100 3400
35 1 35
35 2 70
35 3 105
35 4 140
35 5 175
35 6 210
35 7 245
35 8 280
35 9 315
35 10 350
35 11 385
35 12 420
35 13 455
35 14 490
35 15 525
35 16 560
35 17 595
35 18 630
35 19 665
35 20 700
35 21 735
35 22 770
35 23 805
35 24 840
35 25 875
35 26 910
35 27 945
35 28 980
35 29 1015
35 30 1050
35 31 1085
35 32 1120
35 33 1155
35 34 1190
35 35 1225
35 36 1260
35 37 1295
35 38 1330
35 39 1365
35 40 1400
35 41 1435
35 42 1470
35 43 1505
35 44 1540
35 45 1575
35 46 1610
35 47 1645
35 48 1680
35 49 1715
35 50 1750
35 51 1785
35 52 1820
35 53 1855
35 54 1890
35 55 1925
35 56 1960
35 57 1995
35 58 2030
35 59 2065
35 60 2100
35 61 2135
35 62 2170
35 63 2205
35 64 2240
35 65 2275
35 66 2310
35 67 2345
35 68 2380
35 69 2415
35 70 2450
35 71 2485
35 72 2520
35 73 2555
35 74 2590
35 75 2625
35 76 2660
35 77 2695
35 78 2730
35 79 2765
35 80 2800
35 81 2835
35 82 2870
35 83 2905
35 84 2940
35 85 2975
35 86 3010
35 87 3045
35 88 3080
35 89 3115
35 90 3150
35 91 3185
35 92 3220
35 93 3255
35 94 3290
35 95 3325
35 96 3360
35 97 3395
35 98 3430
35 99 3465
35 100 3500
36 1 36
36 2 72
36 3 108
36 4 144
36 5 180
36 6 216
36 7 252
36 8 288
36 9 324
36 10 360
36 11 396
36 12 432
36 13 468
36 14 504
36 15 540
36 16 576
36 17 612
36 18 648
36 19 684
36 20 720
36 21 756
36 22 792
36 23 828
36 24 864
36 25 900
36 26 936
36 27 972
36 28 1008
36 29 1044
36 30 1080
36 31 1116
36 32 1152
36 33 1188
36 34 1224
36 35 1260
36 36 1296
36 37 1332
36 38 1368
36 39 1404
36 40 1440
36 41 1476
36 42 1512
36 43 1548
36 44 1584
36 45 1620
36 46 1656
36 47 1692
36 48 1728
36 49 1764
36 50 1800
36 51 1836
36 52 1872
36 53 1908
36 54 1944
36 55 1980
36 56 2016
36 57 2052
36 58 2088
36 59 2124
36 60 2160
36 61 2196
36 62 2232
36 63 2268
36 64 2304
36 65 2340
36 66 2376
36 67 2412
36 68 2448
36 69 2484
36 70 2520
36 71 2556
36 72 2592
36 73 2628
36 74 2664
36 75 2700
36 76 2736
36 77 2772
36 78 2808
36 79 2844
36 80 2880
36 81 2916
36 82 2952
36 83 2988
36 84 3024
36 85 3060
36 86 3096
36 87 3132
36 88 3168
36 89 3204
36 90 3240
36 91 3276
36 92 3312
36 93 3348
36 94 3384
36 95 3420
36 96 3456
36 97 3492
36 98 3528
36 99 3564
36 100 3600
37 1 37
37 2 74
37 3 111
37 4 148
37 5 185
37 6 222
37 7 259
37 8 296
37 9 333
37 10 370
37 11 407
37 12 444
37 13 481
37 14 518
37 15 555
37 16 592
37 17 629
37 18 666
37 19 703
37 20 740
37 21 777
37 22 814
37 23 851
37 24 888
37 25 925
37 26 962
37 27 999
37 28 1036
37 29 1073
37 30 1110
37 31 1147
37 32 1184
37 33 1221
37 34 1258
37 35 1295
37 36 1332
37 37 1369
37 38 1406
37 39 1443
37 40 1480
37 41 1517
37 42 1554
37 43 1591
37 44 1628
37 45 1665
37 46 1702
37 47 1739
37 48 1776
37 49 1813
37 50 1850
37 51 1887
37 52 1924
37 53 1961
37 54 1998
37 55 2035
37 56 2072
37 57 2109
37 58 2146
37 59 2183
37 60 2220
37 61 2257
37 62 2294
37 63 2331
37 64 2368
37 65 2405
37 66 2442
37 67 2479
37 68 2516
37 69 2553
37 70 2590
37 71 2627
37 72 2664
37 73 2701
37 74 2738
37 75 2775
37 76 2812
37 77 2849
37 78 2886
37 79 2923
37 80 2960
37 81 2997
37 82 3034
37 83 3071
37 84 3108
37 85 3145
37 86 3182
37 87 3219
37 88 3256
37 89 3293
37 90 3330
37 91 3367
37 92 3404
37 93 3441
37 94 3478
37 95 3515
37 96 3552
37 97 3589
37 98 3626
37 99 3663
37 100 3700
38 1 38
38 2 76
38 3 114
38 4 152
38 5 190
38 6 228
38 7 266
38 8 304
38 9 342
38 10 380
38 11 418
38 12 456
38 13 494
38 14 532
38 15 570
38 16 608
38 17 646
38 18 684
38 19 722
38 20 760
38 21 798
38 22 836
38 23 874
38 24 912
38 25 950
38 26 988
38 27 1026
38 28 1064
38 29 1102
38 30 1140
38 31 1178
38 32 1216
38 33 1254
38 34 1292
38 35 1330
38 36 1368
38 37 1406
38 38 1444
38 39 1482
38 40 1520
38 41 1558
38 42 1596
38 43 1634
38 44 1672
38 45 1710
38 46 1748
38 47 1786
38 48 1824
38 49 1862
38 50 1900
38 51 1938
38 52 1976
38 53 2014
38 54 2052
38 55 2090
38 56 2128
38 57 2166
38 58 2204
38 59 2242
38 60 2280
38 61 2318
38 62 2356
38 63 2394
38 64 2432
38 65 2470
38 66 2508
38 67 2546
38 68 2584
38 69 2622
38 70 2660
38 71 2698
38 72 2736
38 73 2774
38 74 2812
38 75 2850
38 76 2888
38 77 2926
38 78 2964
38 79 3002
38 80 3040
38 81 3078
38 82 3116
38 83 3154
38 84 3192
38 85 3230
38 86 3268
38 87 3306
38 88 3344
38 89 3382
38 90 3420
38 91 3458
38 92 3496
38 93 3534
38 94 3572
38 95 3610
38 96 3648
38 97 3686
38 98 3724
38 99 3762
38 100 3800
39 1 39
39 2 78
39 3 117
39 4 156
39 5 195
39 6 234
39 7 273
39 8 312
39 9 351
39 10 390
39 11 429
39 12 468
39 13 507
39 14 546
39 15 585
39 16 624
39 17 663
39 18 702
39 19 741
39 20 780
39 21 819
39 22 858
39 23 897
39 24 936
39 25 975
39 26 1014
39 27 1053
39 28 1092
39 29 1131
39 30 1170
39 31 1209
39 32 1248
39 33 1287
39 34 1326
39 35 1365
39 36 1404
39 37 1443
39 38 1482
39 39 1521
39 40 1560
39 41 1599
39 42 1638
39 43 1677
39 44 1716
39 45 1755
39 46 1794
39 47 1833
39 48 1872
39 49 1911
39 50 1950
39 51 1989
39 52 2028
39 53 2067
39 54 2106
39 55 2145
39 56 2184
39 57 2223
39 58 2262
39 59 2301
39 60 2340
39 61 2379
39 62 2418
39 63 2457
39 64 2496
39 65 2535
39 66 2574
39 67 2613
39 68 2652
39 69 2691
39 70 2730
39 71 2769
39 72 2808
39 73 2847
39 74 2886
39 75 2925
39 76 2964
39 77 3003
39 78 3042
39 79 3081
39 80 3120
39 81 3159
39 82 3198
39 83 3237
39 84 3276
39 85 3315
39 86 3354
39 87 3393
39 88 3432
39 89 3471
39 90 3510
39 91 3549
39 92 3588
39 93 3627
39 94 3666
39 95 3705
39 96 3744
39 97 3783
39 98 3822
39 99 3861
39 100 3900
40 1 40
40 2 80
40 3 120
40 4 160
40 5 200
40 6 240
40 7 280
40 8 320
40 9 360
40 10 400
40 11 440
40 12 480
40 13 520
40 14 560
40 15 600
40 16 640
40 17 680
40 18 720
40 19 760
40 20 800
40 21 840
40 22 880
40 23 920
40 24 960
40 25 1000
40 26 1040
40 27 1080
40 28 1120
40 29 1160
40 30 1200
40 31 1240
40 32 1280
40 33 1320
40 34 1360
40 35 1400
40 36 1440
40 37 1480
40 38 1520
40 39 1560
40 40 1600
40 41 1640
40 42 1680
40 43 1720
40 44 1760
40 45 1800
40 46 1840
40 47 1880
40 48 1920
40 49 1960
40 50 2000
40 51 2040
40 52 2080
40 53 2120
40 54 2160
40 55 2200
40 56 2240
40 57 2280
40 58 2320
40 59 2360
40 60 2400
40 61 2440
40 62 2480
40 63 2520
40 64 2560
40 65 2600
40 66 2640
40 67 2680
40 68 2720
40 69 2760
40 70 2800
40 71 2840
40 72 2880
40 73 2920
40 74 2960
40 75 3000
40 76 3040
40 77 3080
40 78 3120
40 79 3160
40 80 3200
40 81 3240
40 82 3280
40 83 3320
40 84 3360
40 85 3400
40 86 3440
40 87 3480
40 88 3520
40 89 3560
40 90 3600
40 91 3640
40 92 3680
40 93 3720
40 94 3760
40 95 3800
40 96 3840
40 97 3880
40 98 3920
40 99 3960
40 100 4000
41 1 41
41 2 82
41 3 123
41 4 164
41 5 205
41 6 246
41 7 287
41 8 328
41 9 369
41 10 410
41 11 451
41 12 492
41 13 533
41 14 574
41 15 615
41 16 656
41 17 697
41 18 738
41 19 779
41 20 820
41 21 861
41 22 902
41 23 943
41 24 984
41 25 1025
41 26 1066
41 27 1107
41 28 1148
41 29 1189
41 30 1230
41 31 1271
41 32 1312
41 33 1353
41 34 1394
41 35 1435
41 36 1476
41 37 1517
41 38 1558
41 39 1599
41 40 1640
41 41 1681
41 42 1722
41 43 1763
41 44 1804
41 45 1845
41 46 1886
41 47 1927
41 48 1968
41 49 2009
41 50 2050
41 51 2091
41 52 2132
41 53 2173
41 54 2214
41 55 2255
41 56 2296
41 57 2337
41 58 2378
41 59 2419
41 60 2460
41 61 2501
41 62 2542
41 63 2583
41 64 2624
41 65 2665
41 66 2706
41 67 2747
41 68 2788
41 69 2829
41 70 2870
41 71 2911
41 72 2952
41 73 2993
41 74 3034
41 75 3075
41 76 3116
41 77 3157
41 78 3198
41 79 3239
41 80 3280
41 81 3321
41 82 3362
41 83 3403
41 84 3444
41 85 3485
41 86 3526
41 87 3567
41 88 3608
41 89 3649
41 90 3690
41 91 3731
41 92 3772
41 93 3813
41 94 3854
41 95 3895
41 96 3936
41 97 3977
41 98 4018
41 99 4059
41 100 4100
42 1 42
42 2 84
42 3 126
42 4 168
42 5 210
42 6 252
42 7 294
42 8 336
42 9 378
42 10 420
42 11 462
42 12 504
42 13 546
42 14 588
42 15 630
42 16 672
42 17 714
42 18 756
42 19 798
42 20 840
42 21 882
42 22 924
42 23 966
42 24 1008
42 25 1050
42 26 1092
42 27 1134
42 28 1176
42 29 1218
42 30 1260
42 31 1302
42 32 1344
42 33 1386
42 34 1428
42 35 1470
42 36 1512
42 37 1554
42 38 1596
42 39 1638
42 40 1680
42 41 1722
42 42 1764
42 43 1806
42 44 1848
42 45 1890
42 46 1932
42 47 1974
42 48 2016
42 49 2058
42 50 2100
42 51 2142
42 52 2184
42 53 2226
42 54 2268
42 55 2310
42 56 2352
42 57 2394
42 58 2436
42 59 2478
42 60 2520
42 61 2562
42 62 2604
42 63 2646
42 64 2688
42 65 2730
42 66 2772
42 67 2814
42 68 2856
42 69 2898
42 70 2940
42 71 2982
42 72 3024
42 73 3066
42 74 3108
42 75 3150
42 76 3192
42 77 3234
42 78 3276
42 79 3318
42 80 3360
42 81 3402
42 82 3444
42 83 3486
42 84 3528
42 85 3570
42 86 3612
42 87 3654
42 88 3696
42 89 3738
42 90 3780
42 91 3822
42 92 3864
42 93 3906
42 94 3948
42 95 3990
42 96 4032
42 97 4074
42 98 4116
42 99 4158
42 100 4200
43 1 43
43 2 86
43 3 129
43 4 172
43 5 215
43 6 258
43 7 301
43 8 344
43 9 387
43 10 430
43 11 473
43 12 516
43 13 559
43 14 602
43 15 645
43 16 688
43 17 731
43 18 774
43 19 817
43 20 860
43 21 903
43 22 946
43 23 989
43 24 1032
43 25 1075
43 26 1118
43 27 1161
43 28 1204
43 29 1247
43 30 1290
43 31 1333
43 32 1376
43 33 1419
43 34 1462
43 35 1505
43 36 1548
43 37 1591
43 38 1634
43 39 1677
43 40 1720
43 41 1763
43 42 1806
43 43 1849
43 44 1892
43 45 1935
43 46 1978
43 47 2021
43 48 2064
43 49 2107
43 50 2150
43 51 2193
43 52 2236
43 53 2279
43 54 2322
43 55 2365
43 56 2408
43 57 2451
43 58 2494
43 59 2537
43 60 2580
43 61 2623
43 62 2666
43 63 2709
43 64 2752
43 65 2795
43 66 2838
43 67 2881
43 68 2924
43 69 2967
43 70 3010
43 71 3053
43 72 3096
43 73 3139
43 74 3182
43 75 3225
43 76 3268
43 77 3311
43 78 3354
43 79 3397
43 80 3440
43 81 3483
43 82 3526
43 83 3569
43 84 3612
43 85 3655
43 86 3698
43 87 3741
43 88 3784
43 89 3827
43 90 3870
43 91 3913
43 92 3956
43 93 3999
43 94 4042
43 95 4085
43 96 4128
43 97 4171
43 98 4214
43 99 4257
43 100 4300
44 1 44
44 2 88
44 3 132
44 4 176
44 5 220
44 6 264
44 7 308
44 8 352
44 9 396
44 10 440
44 11 484
44 12 528
44 13 572
44 14 616
44 15 660
44 16 704
44 17 748
44 18 792
44 19 836
44 20 880
44 21 924
44 22 968
44 23 1012
44 24 1056
44 25 1100
44 26 1144
44 27 1188
44 28 1232
44 29 1276
44 30 1320
44 31 1364
44 32 1408
44 33 1452
44 34 1496
44 35 1540
44 36 1584
44 37 1628
44 38 1672
44 39 1716
44 40 1760
44 41 1804
44 42 1848
44 43 1892
44 44 1936
44 45 1980
44 46 2024
44 47 2068
44 48 2112
44 49 2156
44 50 2200
44 51 2244
44 52 2288
44 53 2332
44 54 2376
44 55 2420
44 56 2464
44 57 2508
44 58 2552
44 59 2596
44 60 2640
44 61 2684
44 62 2728
44 63 2772
44 64 2816
44 65 2860
44 66 2904
44 67 2948
44 68 2992
44 69 3036
44 70 3080
44 71 3124
44 72 3168
44 73 3212
44 74 3256
44 75 3300
44 76 3344
44 77 3388
44 78 3432
44 79 3476
44 80 3520
44 81 3564
44 82 3608
44 83 3652
44 84 3696
44 85 3740
44 86 3784
44 87 3828
44 88 3872
44 89 3916
44 90 3960
44 91 4004
44 92 4048
44 93 4092
44 94 4136
44 95 4180
44 96 4224
44 97 4268
44 98 4312
44 99 4356
44 100 4400
45 1 45
45 2 90
45 3 135
45 4 180
45 5 225
45 6 270
45 7 315
45 8 360
45 9 405
45 10 450
45 11 495
45 12 540
45 13 585
45 14 630
45 15 675
45 16 720
45 17 765
45 18 810
45 19 855
45 20 900
45 21 945
45 22 990
45 23 1035
45 24 1080
45 25 1125
45 26 1170
45 27 1215
45 28 1260
45 29 1305
45 30 1350
45 31 1395
45 32 1440
45 33 1485
45 34 1530
45 35 1575
45 36 1620
45 37 1665
45 38 1710
45 39 1755
45 40 1800
45 41 1845
45 42 1890
45 43 1935
45 44 1980
45 45 2025
45 46 2070
45 47 2115
45 48 2160
45 49 2205
45 50 2250
45 51 2295
45 52 2340
45 53 2385
45 54 2430
45 55 2475
45 56 2520
45 57 2565
45 58 2610
45 59 2655
45 60 2700
45 61 2745
45 62 2790
45 63 2835
45 64 2880
45 65 2925
45 66 2970
45 67 3015
45 68 3060
45 69 3105
45 70 3150
45 71 3195
45 72 3240
45 73 3285
45 74 3330
45 75 3375
45 76 3420
45 77 3465
45 78 3510
45 79 3555
45 80 3600
45 81 3645
45 82 3690
45 83 3735
45 84 3780
45 85 3825
45 86 3870
45 87 3915
45 88 3960
45 89 4005
45 90 4050
45 91 4095
45 92 4140
45 93 4185
45 94 4230
45 95 4275
45 96 4320
45 97 4365
45 98 4410
45 99 4455
45 100 4500
46 1 46
46 2 92
46 3 138
46 4 184
46 5 230
46 6 276
46 7 322
46 8 368
46 9 414
46 10 460
46 11 506
46 12 552
46 13 598
46 14 644
46 15 690
46 16 736
46 17 782
46 18 828
46 19 874
46 20 920
46 21 966
46 22 1012
46 23 1058
46 24 1104
46 25 1150
46 26 1196
46 27 1242
46 28 1288
46 29 1334
46 30 1380
46 31 1426
46 32 1472
46 33 1518
46 34 1564
46 35 1610
46 36 1656
46 37 1702
46 38 1748
46 39 1794
46 40 1840
46 41 1886
46 42 1932
46 43 1978
46 44 2024
46 45 2070
46 46 2116
46 47 2162
46 48 2208
46 49 2254
46 50 2300
46 51 2346
46 52 2392
46 53 2438
46 54 2484
46 55 2530
46 56 2576
46 57 2622
46 58 2668
46 59 2714
46 60 2760
46 61 2806
46 62 2852
46 63 2898
46 64 2944
46 65 2990
46 66 3036
46 67 3082
46 68 3128
46 69 3174
46 70 3220
46 71 3266
46 72 3312
46 73 3358
46 74 3404
46 75 3450
46 76 3496
46 77 3542
46 78 3588
46 79 3634
46 80 3680
46 81 3726
46 82 3772
46 83 3818
46 84 3864
46 85 3910
46 86 3956
46 87 4002
46 88 4048
46 89 4094
46 90 4140
46 91 4186
46 92 4232
46 93 4278
46 94 4324
46 95 4370
46 96 4416
46 97 4462
46 98 4508
46 99 4554
46 100 4600
47 1 47
47 2 94
47 3 141
47 4 188
47 5 235
47 6 282
47 7 329
47 8 376
47 9 423
47 10 470
47 11 517
47 12 564
47 13 611
47 14 658
47 15 705
47 16 752
47 17 799
47 18 846
47 19 893
47 20 940
47 21 987
47 22 1034
47 23 1081
47 24 1128
47 25 1175
47 26 1222
47 27 1269
47 28 1316
47 29 1363
47 30 1410
47 31 1457
47 32 1504
47 33 1551
47 34 1598
47 35 1645
47 36 1692
47 37 1739
47 38 1786
47 39 1833
47 40 1880
47 41 1927
47 42 1974
47 43 2021
47 44 2068
47 45 2115
47 46 2162
47 47 2209
47 48 2256
47 49 2303
47 50 2350
47 51 2397
47 52 2444
47 53 2491
47 54 2538
47 55 2585
47 56 2632
47 57 2679
47 58 2726
47 59 2773
47 60 2820
47 61 2867
47 62 2914
47 63 2961
47 64 3008
47 65 3055
47 66 3102
47 67 3149
47 68 3196
47 69 3243
47 70 3290
47 71 3337
47 72 3384
47 73 3431
47 74 3478
47 75 3525
47 76 3572
47 77 3619
47 78 3666
47 79 3713
47 80 3760
47 81 3807
47 82 3854
47 83 3901
47 84 3948
47 85 3995
47 86 4042
47 87 4089
47 88 4136
47 89 4183
47 90 4230
47 91 4277
47 92 4324
47 93 4371
47 94 4418
47 95 4465
47 96 4512
47 97 4559
47 98 4606
47 99 4653
47 100 4700
48 1 48
48 2 96
48 3 144
48 4 192
48 5 240
48 6 288
48 7 336
48 8 384
48 9 432
48 10 480
48 11 528
48 12 576
48 13 624
48 14 672
48 15 720
48 16 768
48 17 816
48 18 864
48 19 912
48 20 960
48 21 1008
48 22 1056
48 23 1104
48 24 1152
48 25 1200
48 26 1248
48 27 1296
48 28 1344
48 29 1392
48 30 1440
48 31 1488
48 32 1536
48 33 1584
48 34 1632
48 35 1680
48 36 1728
48 37 1776
48 38 1824
48 39 1872
48 40 1920
48 41 1968
48 42 2016
48 43 2064
48 44 2112
48 45 2160
48 46 2208
48 47 2256
48 48 2304
48 49 2352
48 50 2400
48 51 2448
48 52 2496
48 53 2544
48 54 2592
48 55 2640
48 56 2688
48 57 2736
48 58 2784
48 59 2832
48 60 2880
48 61 2928
48 62 2976
48 63 3024
48 64 3072
48 65 3120
48 66 3168
48 67 3216
48 68 3264
48 69 3312
48 70 3360
48 71 3408
48 72 3456
48 73 3504
48 74 3552
48 75 3600
48 76 3648
48 77 3696
48 78 3744
48 79 3792
48 80 3840
48 81 3888
48 82 3936
48 83 3984
48 84 4032
48 85 4080
48 86 4128
48 87 4176
48 88 4224
48 89 4272
48 90 4320
48 91 4368
48 92 4416
48 93 4464
48 94 4512
48 95 4560
48 96 4608
48 97 4656
48 98 4704
48 99 4752
48 100 4800
49 1 49
49 2 98
49 3 147
49 4 196
49 5 245
49 6 294
49 7 343
49 8 392
49 9 441
49 10 490
49 11 539
49 12 588
49 13 637
49 14 686
49 15 735
49 16 784
49 17 833
49 18 882
49 19 931
49 20 980
49 21 1029
49 22 1078
49 23 1127
49 24 1176
49 25 1225
49 26 1274
49 27 1323
49 28 1372
49 29 1421
49 30 1470
49 31 1519
49 32 1568
49 33 1617
49 34 1666
49 35 1715
49 36 1764
49 37 1813
49 38 1862
49 39 1911
49 40 1960
49 41 2009
49 42 2058
49 43 2107
49 44 2156
49 45 2205
49 46 2254
49 47 2303
49 48 2352
49 49 2401
49 50 2450
49 51 2499
49 52 2548
49 53 2597
49 54 2646
49 55 2695
49 56 2744
49 57 2793
49 58 2842
49 59 2891
49 60 2940
49 61 2989
49 62 3038
49 63 3087
49 64 3136
49 65 3185
49 66 3234
49 67 3283
49 68 3332
49 69 3381
49 70 3430
49 71 3479
49 72 3528
49 73 3577
49 74 3626
49 75 3675
49 76 3724
49 77 3773
49 78 3822
49 79 3871
49 80 3920
49 81 3969
49 82 4018
49 83 4067
49 84 4116
49 85 4165
49 86 4214
49 87 4263
49 88 4312
49 89 4361
49 90 4410
49 91 4459
49 92 4508
49 93 4557
49 94 4606
49 95 4655
49 96 4704
49 97 4753
49 98 4802
49 99 4851
49 100 4900
50 1 50
50 2 100
50 3 150
50 4 200
50 5 250
50 6 300
50 7 350
50 8 400
50 9 450
50 10 500
50 11 550
50 12 600
50 13 650
50 14 700
50 15 750
50 16 800
50 17 850
50 18 900
50 19 950
50 20 1000
50 21 1050
50 22 1100
50 23 1150
50 24 1200
50 25 1250
50 26 1300
50 27 1350
50 28 1400
50 29 1450
50 30 1500
50 31 1550
50 32 1600
50 33 1650
50 34 1700
50 35 1750
50 36 1800
50 37 1850
50 38 1900
50 39 1950
50 40 2000
50 41 2050
50 42 2100
50 43 2150
50 44 2200
50 45 2250
50 46 2300
50 47 2350
50 48 2400
50 49 2450
50 50 2500
50 51 2550
50 52 2600
50 53 2650
50 54 2700
50 55 2750
50 56 2800
50 57 2850
50 58 2900
50 59 2950
50 60 3000
50 61 3050
50 62 3100
50 63 3150
50 64 3200
50 65 3250
50 66 3300
50 67 3350
50 68 3400
50 69 3450
50 70 3500
50 71 3550
50 72 3600
50 73 3650
50 74 3700
50 75 3750
50 76 3800
50 77 3850
50 78 3900
50 79 3950
50 80 4000
50 81 4050
50 82 4100
50 83 4150
50 84 4200
50 85 4250
50 86 4300
50 87 4350
50 88 4400
50 89 4450
50 90 4500
50 91 4550
50 92 4600
50 93 4650
50 94 4700
50 95 4750
50 96 4800
50 97 4850
50 98 4900
50 99 4950
50 100 5000
3 6 9 12 15 
27 18
