100 101 5
1 2 1
2 3 1
3 25 100
4 3 1
4 3 1
5 3 1
6 3 1
7 3 1
8 3 1
9 3 1
10 3 452
11 3 1
12 3 1
13 3 1
14 3 1
15 3 1
16 3 1
17 3 1
18 3 1
19 3 5
20 3 1
21 3 1
22 3 1
23 3 1
24 3 1
25 3 1
26 3 1
27 3 1
28 3 1
29 3 1
30 3 100
31 3 31
32 3 32
33 3 33
34 3 34
35 3 35
36 3 36
37 3 37
38 3 38
39 3 39
40 3 40
41 3 41
42 3 42
43 3 43
44 3 44
45 3 45
46 3 46
47 3 47
48 3 48
49 3 49
50 3 50
51 3 51
52 3 52
53 3 53
54 3 54
55 3 55
56 3 56
57 3 57
58 3 58
59 3 59
60 3 60
61 3 61
62 3 62
63 3 63
64 3 64
65 3 65
66 3 66
67 3 67
68 3 68
69 3 69
70 3 70
71 3 71
72 3 72
73 3 73
74 3 74
75 3 75
76 3 76
77 3 77
78 3 78
79 3 79
80 3 80
81 3 81
82 3 82
83 3 83
84 3 84
85 3 85
86 3 86
87 3 87
88 3 88
89 3 89
90 3 90
91 3 91
92 3 92
93 3 93
94 3 94
95 3 95
96 3 96
97 3 97
98 3 98
99 3 99
100 3 100
3 6 9 12 15 
27 18
